110
99
110
62
138
168
185
149
5
96
83
183
106
51
156
93
114
48
115
28
198
134
146
92
73
38
72
137
102
157
112
194
37
72
165
84
75
127
51
53
72
162
78
49
75
136
191
162
112
54
183
76
103
78
55
8
183
170
112
22
152
58
64
157
142
8
48
161
173
79
154
152
147
113
108
179
142
195
3
22
11
79
69
136
126
189
195
113
106
146
96
44
41
9
189
154
47
97
13
197
192
147
79
79
75
122
68
59
54
28
134
192
99
159
67
190
127
24
162
22
188
50
49
141
110
129
8
44
149
73
147
158
146
134
17
3
167
114
138
2
170
151
63
40
157
35
5
34
193
19
131
139
123
115
178
67
14
34
77
143
99
69
169
37
90
59
19
158
10
73
33
121
108
138
186
10
88
110
63
135
82
60
61
158
158
148
121
123
187
125
143
160
90
131
157
123
197
21
21
200
115
11
118
85
143
53
28
48
119
35
67
148
196
68
165
23
10
42
103
59
11
128
178
80
144
141
171
120
34
126
7
34
142
138
150
133
143
93
134
85
144
189
43
195
188
120
136
43
53
41
40
106
96
3
52
193
64
180
187
145
22
111
138
86
18
64
29
22
17
4
13
31
101
192
145
4
93
187
51
187
121
17
12
79
27
156
91
43
176
145
77
125
22
28
78
21
144
39
58
166
99
117
28
101
80
151
181
16
183
33
166
132
20
42
165
139
92
4
148
132
134
137
65
190
69
128
96
78
159
167
18
62
106
105
149
75
112
182
94
185
87
115
13
164
56
3
160
61
16
133
126
131
168
167
30
74
14
142
140
42
31
193
22
83
21
163
147
71
117
130
96
38
108
48
78
14
101
4
46
180
40
114
154
33
143
95
155
114
61
195
102
137
28
155
75
134
155
32
56
120
82
167
200
148
20
69
40
119
20
162
94
125
168
99
185
131
179
2
50
190
134
42
11
71
129
69
93
189
169
194
63
164
52
104
34
141
53
123
13
122
93
60
119
56
185
66
27
91
18
86
177
29
54
120
24
77
134
24
17
186
57
134
73
166
141
122
61
25
173
140
16
32
16
171
67
124
45
79
109
39
78
67
63
108
73
118
166
161
74
183
170
71
110
160
144
55
95
184
70
31
56
25
13
77
178
48
24
159
84
46
23
85
141
14
25
5
168
53
187
114
126
91
33
38
165
124
183
87
60
31
97
162
104
173
147
22
171
4
44
174
150
117
184
4
12
22
191
28
151
103
18
142
35
137
32
44
83
119
80
121
54
124
188
129
33
191
181
123
120
163
50
44
1
22
114
26
52
98
191
59
39
81
79
134
191
165
184
108
43
142
135
110
194
61
11
168
35
196
48
141
41
126
95
131
199
22
194
196
174
167
41
46
108
187
115
78
113
59
106
74
138
100
195
53
8
146
11
47
186
105
187
196
74
113
90
72
168
13
7
126
10
57
77
121
142
126
71
181
6
145
183
69
99
173
195
180
134
83
200
87
128
141
50
63
178
107
48
55
108
48
115
108
56
129
30
106
150
130
53
135
30
30
171
139
30
145
93
72
33
134
77
196
3
125
149
51
99
103
6
4
168
73
128
175
162
196
126
73
6
168
140
51
167
180
113
25
133
109
114
143
200
157
83
79
53
182
187
156
43
38
169
46
97
92
172
148
64
164
149
26
195
33
10
182
179
52
197
161
110
161
58
20
49
196
109
53
71
102
64
111
38
56
138
156
186
154
136
169
62
64
195
142
7
140
74
195
32
4
87
153
99
153
132
17
54
112
92
113
47
102
75
43
159
194
57
192
118
157
158
136
116
186
95
21
92
165
61
181
88
103
34
103
172
146
165
171
87
101
58
160
84
173
72
18
113
160
151
44
64
47
176
69
121
53
100
87
173
159
14
21
113
22
8
146
14
101
106
67
1
65
102
168
120
83
185
59
8
186
34
117
126
12
192
20
180
81
47
15
161
93
144
92
43
183
167
27
52
117
60
22
20
161
22
198
181
72
120
68
40
123
179
71
109
98
118
160
32
120
22
34
135
83
111
184
69
31
52
156
20
142
185
18
3
69
172
33
51
195
169
190
197
27
193
161
182
40
29
61
86
155
128
72
91
71
37
106
141
60
29
125
117
124
144
142
28
66
152
178
125
114
74
74
46
2
148
180
181
28
185
173
152
141
57
192
125
28
16
99
173
18
99
157
88
117
37
132
114
52
31
132
182
62
61
137
170
59
142
122
19
127
157
17
102
91
35
92
97
159
165
16
-1
